0 
0 
0 
0 
0 
0 
0 
0 
0 
0 
0 
0 
0 
0 
0 
0 
0 
0 
0 
0 
0 
0 
0 
0 
0 
0 
0 
0 
0 
0 
0 
0 
0 
0 
0 
0 
0 
0 
0 
0 
0 
0 
0 
0 
0 
0 
0 
0 
0 
0 
0 
0 
0 
0 
0 
0 
0 
0 
0 
0 
0 
0 
2 
3 
4 
5 
0 
0 
0 
0 
0 
0 
0 
0 
0 
0 
0 
0 
0 
0 
0 
0 
0 
0 
0 
0 
0 
0 
0 
0 
0 
0 
0 
0 
0 
0 
0 
0 
0 
0 
0 
0 
0 
0 
0 
0 
0 
0 
0 
0 
0 
0 
0 
0 
0 
0 
0 
0 
0 
0 
0 
0 
0 
0 
0 
0 
-351 
416 
-53 
-222 
-1854 
710 
1979 
-1232 
751 
-1034 
-1292 
885 
-1801 
874 
-1171 
-378 
695 
-666 
999 
869 
1122 
1307 
-396 
1463 
1791 
-768 
-987 
1368 
1336 
407 
-1963 
301 
1018 
-1383 
-1270 
1293 
1339 
1041 
384 
2023 
1984 
-1029 
2030 
849 
-1363 
-518 
-46 
1988 
-779 
-1925 
-1895 
684 
1424 
-1306 
338 
1206 
-350 
786 
36 
-1787 
-1366 
-142 
0 
0 
0 
0 
0 
0 
0 
0 
0 
0 
0 
0 
0 
0 
0 
0 
0 
0 
0 
0 
0 
0 
0 
0 
0 
0 
0 
0 
0 
0 
0 
0 
0 
0 
0 
0 
0 
0 
0 
0 
0 
0 
0 
0 
0 
0 
0 
0 
0 
0 
0 
0 
0 
0 
0 
0 
0 
0 
0 
0 
0 
0 
